[[0,0],[0,1],[1,0],[1,1]]ㅁ
[[0,0],[0,1],[0,2],[0,3]]ㅡ
[[0,0],[1,0],[2,0],[3,0]]ㅣ
[[0,0],[1,0],[2,0],[2,1]]└
[[0,0],[0,1],[0,2],[-1,2]]┘
[[0,0],[-1,0],[-2,0],[-2,-1]]┐
[[0,0],[0,-1],[0,-2],[-1,-2]]┌
[[0,0],[1,0],[2,0],[2,-1]]┘
[[0,0],[0,1],[0,2],[1,2]]┐
[[0,0],[0,-1],[-1,-1],[-2,-1]]┌
[[0,0],[0,1],[0,2],[-1,2]]┘
[[0,0],[1,0],[1,1],[2,1]]
[[0,0],[0,1],[-1,1],[-1,2]]
[[0,0],[1,0],[1,-1],[2,-1]]
[[0,0],[0,1],[1,1],[1,2]]
[[0,0],[0,1],[0,2],[1,1]]ㅜ
[[0,0],[1,0],[2,0],[1,1]]ㅏ
[[0,0],[0,1],[0,2],[-1,1]]ㅗ
[[0,0],[-1,0],[-2,0],[-1,-1]]ㅓ